ID Rmin fbrc(q<0.5) fbrce(q<0.5) fbrc(q<0.6) fbrce(q<0.6) fbrc(q<0.7) fbrce(q<0.7) fbrc(tot) fbrce(tot) fbrc-HM(q<0.5) fbrc-HMe(q<0.5) fbrc-HM(q<0.6) fbrc-HMe(q<0.6) fbrc-HM(q<0.7) fbrc-HMe(q<0.7) fbrc-HM(tot) fbrc-HMe(tot) fboHM(q<0.5) fboHMe(q<0.5) fboHM(q<0.6) fboHMe(q<0.6) fboHM(q<0.7) fboHMe(q<0.7) fboHM(tot) fboHMe(tot) fbWFC(q<0.5) fbWFCe(q<0.5) fbWFC(q<0.6) fbWFCe(q<0.6) fbWFC(q<0.7) fbWFCe(q<0.7) fbWFC(tot) fbWFCe(tot)
Arp_2      0.00 0.093 0.010 0.076 0.007 0.055 0.005 0.186 0.020 0.119 0.023 0.093 0.017 0.056 0.012 0.238 0.046 0.091 0.031 0.086 0.024 0.081 0.017 0.182 0.062 0.096 0.009 0.079 0.006 0.057 0.004 0.192 0.018
E_3        0.00 0.360 0.043 0.350 0.042 0.247 0.035 0.720 0.086 0.317 0.203 0.147 0.171 0.264 0.171 0.634 0.406 0.082 0.107 0.103 0.107 0.029 0.075 0.164 0.214 0.347 0.041 0.336 0.039 0.237 0.033 0.694 0.082
NGC_104    0.83 9.999 9.999 9.999 9.999 9.999 9.999 9.999 9.999 0.009 0.003 0.007 0.003 0.005 0.003 0.018 0.006 9.999 9.999 9.999 9.999 9.999 9.999 9.999 9.999 0.009 0.003 0.007 0.003 0.005 0.003 0.018 0.006
NGC_288    0.00 0.056 0.005 0.050 0.004 0.041 0.003 0.112 0.010 0.054 0.007 0.045 0.005 0.030 0.004 0.108 0.014 0.092 0.040 0.032 0.016 0.021 0.011 0.184 0.080 0.056 0.004 0.048 0.003 0.038 0.003 0.112 0.008
NGC_362    0.42 9.999 9.999 9.999 9.999 9.999 9.999 9.999 9.999 0.025 0.004 0.018 0.003 0.010 0.003 0.050 0.008 0.016 0.003 0.011 0.003 0.008 0.003 0.032 0.006 0.020 0.003 0.013 0.003 0.008 0.003 0.040 0.006
NGC_1261   0.00 0.023 0.009 0.023 0.006 0.021 0.005 0.046 0.018 0.032 0.004 0.028 0.003 0.021 0.003 0.064 0.008 0.020 0.003 0.018 0.003 0.012 0.003 0.040 0.006 0.024 0.003 0.021 0.003 0.015 0.003 0.048 0.006
NGC_1851   0.67 9.999 9.999 9.999 9.999 9.999 9.999 9.999 9.999 9.999 9.999 9.999 9.999 9.999 9.999 9.999 9.999 0.008 0.003 0.008 0.003 0.006 0.003 0.016 0.006 0.008 0.003 0.008 0.003 0.006 0.003 0.016 0.006
NGC_2298   0.00 0.077 0.009 0.066 0.006 0.041 0.004 0.154 0.018 0.056 0.007 0.047 0.005 0.036 0.004 0.112 0.014 0.047 0.004 0.034 0.003 0.023 0.003 0.094 0.008 0.073 0.004 0.054 0.003 0.036 0.003 0.146 0.008
NGC_3201   0.00 0.064 0.004 0.056 0.003 0.042 0.003 0.128 0.008 0.054 0.006 0.039 0.004 0.026 0.003 0.108 0.012 9.999 9.999 9.999 9.999 9.999 9.999 9.999 9.999 0.061 0.003 0.051 0.003 0.037 0.003 0.122 0.006
NGC_4147   0.00 0.131 0.047 0.103 0.036 0.044 0.021 0.262 0.094 0.017 0.011 0.041 0.007 0.036 0.005 0.034 0.022 0.019 0.006 0.019 0.003 0.012 0.003 0.038 0.012 0.029 0.005 0.027 0.003 0.020 0.003 0.058 0.010
NGC_4590   0.00 0.057 0.006 0.054 0.004 0.040 0.003 0.114 0.012 0.040 0.004 0.037 0.003 0.023 0.003 0.080 0.008 0.053 0.007 0.038 0.005 0.025 0.003 0.106 0.014 0.049 0.003 0.044 0.003 0.030 0.003 0.098 0.006
NGC_4833   0.00 0.033 0.004 0.029 0.003 0.021 0.003 0.066 0.008 0.020 0.003 0.018 0.003 0.014 0.003 0.040 0.006 9.999 9.999 9.999 9.999 9.999 9.999 9.999 9.999 0.029 0.003 0.025 0.003 0.018 0.003 0.058 0.006
NGC_5024   0.75 9.999 9.999 9.999 9.999 9.999 9.999 9.999 9.999 0.028 0.003 0.021 0.003 0.014 0.003 0.056 0.006 0.033 0.003 0.024 0.003 0.019 0.003 0.066 0.006 0.031 0.003 0.023 0.003 0.017 0.003 0.062 0.006
NGC_5053   0.00 0.072 0.005 0.058 0.004 0.038 0.003 0.144 0.010 0.093 0.020 0.072 0.013 0.050 0.010 0.186 0.040 9.999 9.999 9.999 9.999 9.999 9.999 9.999 9.999 0.073 0.005 0.059 0.004 0.039 0.003 0.146 0.010
NGC_5272   0.00 0.027 0.007 0.031 0.004 0.024 0.003 0.054 0.014 0.012 0.003 0.011 0.003 0.010 0.003 0.024 0.006 0.019 0.003 0.015 0.003 0.012 0.003 0.038 0.006 0.017 0.003 0.015 0.003 0.012 0.003 0.034 0.006
NGC_5286   0.83 9.999 9.999 9.999 9.999 9.999 9.999 9.999 9.999 9.999 9.999 9.999 9.999 9.999 9.999 9.999 9.999 0.011 0.003 0.008 0.003 0.007 0.003 0.022 0.006 0.009 0.003 0.006 0.003 0.006 0.003 0.018 0.006
NGC_5466   0.00 0.071 0.004 0.058 0.003 0.041 0.003 0.142 0.008 0.055 0.008 0.049 0.006 0.029 0.004 0.110 0.016 0.016 0.035 0.022 0.024 0.009 0.010 0.032 0.070 0.066 0.004 0.055 0.003 0.038 0.003 0.132 0.008
NGC_5897   0.00 0.059 0.003 0.051 0.003 0.037 0.003 0.118 0.006 0.025 0.017 0.012 0.011 0.008 0.008 0.050 0.034 9.999 9.999 9.999 9.999 9.999 9.999 9.999 9.999 0.058 0.003 0.049 0.003 0.035 0.003 0.116 0.006
NGC_5904   0.67 9.999 9.999 9.999 9.999 9.999 9.999 9.999 9.999 0.012 0.003 0.007 0.003 0.005 0.003 0.024 0.006 0.006 0.009 0.003 0.004 0.005 0.003 0.012 0.018 0.011 0.003 0.007 0.003 0.005 0.003 0.022 0.006
NGC_5927   0.00 0.052 0.009 0.037 0.007 0.030 0.006 0.104 0.018 0.026 0.003 0.016 0.003 0.014 0.003 0.052 0.006 0.006 0.003 0.006 0.003 0.004 0.003 0.012 0.006 0.016 0.003 0.012 0.003 0.010 0.003 0.032 0.006
NGC_5986   0.83 9.999 9.999 9.999 9.999 9.999 9.999 9.999 9.999 0.005 0.004 0.003 0.003 0.003 0.003 0.010 0.008 0.006 0.003 0.003 0.003 0.001 0.003 0.012 0.006 0.006 0.003 0.003 0.003 0.002 0.003 0.012 0.006
NGC_6093   0.58 9.999 9.999 9.999 9.999 9.999 9.999 9.999 9.999 9.999 9.999 9.999 9.999 9.999 9.999 9.999 9.999 0.006 0.003 0.006 0.003 0.004 0.003 0.012 0.006 0.006 0.003 0.006 0.003 0.004 0.003 0.012 0.006
NGC_6101   0.00 0.050 0.004 0.043 0.003 0.031 0.003 0.100 0.008 0.042 0.004 0.040 0.003 0.026 0.003 0.084 0.008 0.054 0.007 0.039 0.005 0.021 0.003 0.108 0.014 0.048 0.003 0.041 0.003 0.028 0.003 0.096 0.006
NGC_6121   0.00 0.074 0.007 0.073 0.006 0.052 0.005 0.148 0.014 0.051 0.005 0.042 0.004 0.030 0.003 0.102 0.010 9.999 9.999 9.999 9.999 9.999 9.999 9.999 9.999 0.061 0.004 0.055 0.004 0.039 0.003 0.122 0.008
NGC_6144   0.00 0.066 0.006 0.059 0.005 0.046 0.004 0.132 0.012 0.039 0.005 0.029 0.004 0.017 0.003 0.078 0.010 0.030 0.007 0.021 0.005 0.010 0.004 0.060 0.014 0.048 0.003 0.040 0.003 0.028 0.003 0.096 0.006
NGC_6171   0.00 0.093 0.011 0.071 0.008 0.052 0.007 0.186 0.022 0.046 0.003 0.035 0.003 0.027 0.003 0.092 0.006 9.999 9.999 9.999 9.999 9.999 9.999 9.999 9.999 0.054 0.003 0.042 0.003 0.032 0.003 0.108 0.006
NGC_6205   0.00 0.005 0.003 0.010 0.003 0.007 0.003 0.010 0.006 0.006 0.003 0.004 0.003 0.004 0.003 0.012 0.006 0.012 0.003 0.006 0.003 0.004 0.003 0.024 0.006 0.007 0.003 0.006 0.003 0.005 0.003 0.014 0.006
NGC_6218   0.00 0.057 0.005 0.046 0.004 0.034 0.004 0.114 0.010 0.032 0.003 0.025 0.003 0.019 0.003 0.064 0.006 0.011 0.013 0.007 0.009 0.004 0.007 0.022 0.026 0.037 0.003 0.030 0.003 0.023 0.003 0.074 0.006
NGC_6254   0.00 0.039 0.004 0.032 0.003 0.023 0.003 0.078 0.008 0.022 0.003 0.017 0.003 0.012 0.003 0.044 0.006 0.027 0.007 0.018 0.005 0.012 0.003 0.054 0.014 0.029 0.003 0.023 0.003 0.016 0.003 0.058 0.006
NGC_6341   0.42 9.999 9.999 9.999 9.999 9.999 9.999 9.999 9.999 0.010 0.003 0.007 0.003 0.005 0.003 0.020 0.006 0.009 0.003 0.007 0.003 0.004 0.003 0.018 0.006 0.011 0.003 0.008 0.003 0.006 0.003 0.022 0.006
NGC_6352   0.00 0.092 0.008 0.078 0.007 0.054 0.005 0.184 0.016 0.053 0.005 0.041 0.004 0.034 0.003 0.106 0.010 0.039 0.017 0.026 0.014 0.015 0.011 0.078 0.034 0.069 0.004 0.055 0.003 0.042 0.003 0.138 0.008
NGC_6362   0.00 0.060 0.004 0.044 0.003 0.034 0.003 0.120 0.008 0.021 0.005 0.020 0.004 0.016 0.003 0.042 0.010 0.032 0.037 0.023 0.026 0.043 0.024 0.064 0.074 0.046 0.003 0.037 0.003 0.029 0.003 0.092 0.006
NGC_6366   0.00 0.099 0.007 0.082 0.006 0.064 0.006 0.198 0.014 0.057 0.015 0.035 0.012 0.042 0.012 0.114 0.030 9.999 9.999 9.999 9.999 9.999 9.999 9.999 9.999 0.092 0.007 0.074 0.006 0.059 0.005 0.184 0.014
NGC_6388   0.83 9.999 9.999 9.999 9.999 9.999 9.999 9.999 9.999 9.999 9.999 9.999 9.999 9.999 9.999 9.999 9.999 0.004 0.004 0.006 0.003 0.003 0.003 0.008 0.008 0.008 0.004 0.006 0.003 0.003 0.003 0.016 0.008
NGC_6397   0.00 0.035 0.018 0.037 0.015 0.037 0.013 0.070 0.036 0.012 0.003 0.010 0.003 0.005 0.003 0.024 0.006 0.014 0.026 0.005 0.003 0.002 0.003 0.028 0.052 0.012 0.003 0.011 0.003 0.007 0.003 0.024 0.006
NGC_6441   1.00 9.999 9.999 9.999 9.999 9.999 9.999 9.999 9.999 9.999 9.999 9.999 9.999 9.999 9.999 9.999 9.999 0.010 0.005 0.008 0.004 0.006 0.003 0.020 0.010 0.010 0.005 0.008 0.004 0.006 0.003 0.020 0.010
NGC_6496   0.00 0.089 0.006 0.073 0.005 0.051 0.004 0.178 0.012 0.077 0.008 0.053 0.007 0.036 0.006 0.154 0.016 0.046 0.024 0.021 0.018 0.015 0.015 0.092 0.048 0.069 0.005 0.049 0.004 0.031 0.003 0.138 0.010
NGC_6535   0.00 0.046 0.016 0.027 0.012 0.014 0.008 0.092 0.032 0.026 0.013 0.018 0.009 0.018 0.009 0.052 0.026 0.028 0.010 0.016 0.007 0.012 0.006 0.056 0.020 0.033 0.009 0.021 0.006 0.014 0.005 0.066 0.018
NGC_6541   0.42 9.999 9.999 9.999 9.999 9.999 9.999 9.999 9.999 0.014 0.003 0.010 0.003 0.005 0.003 0.028 0.006 0.010 0.003 0.005 0.003 0.001 0.003 0.020 0.006 0.010 0.003 0.007 0.003 0.003 0.003 0.020 0.006
NGC_6584   0.00 0.045 0.006 0.045 0.004 0.034 0.003 0.090 0.012 0.036 0.007 0.025 0.005 0.020 0.003 0.072 0.014 0.025 0.003 0.016 0.003 0.009 0.003 0.050 0.006 0.039 0.003 0.030 0.003 0.021 0.003 0.078 0.006
NGC_6624   0.42 9.999 9.999 9.999 9.999 9.999 9.999 9.999 9.999 0.013 0.004 0.002 0.003 0.001 0.003 0.026 0.008 0.013 0.005 0.018 0.005 0.010 0.004 0.026 0.010 0.011 0.004 0.012 0.003 0.007 0.003 0.022 0.008
NGC_6637   0.00 0.062 0.010 0.060 0.007 0.057 0.006 0.124 0.020 0.029 0.004 0.028 0.003 0.020 0.003 0.058 0.008 0.013 0.003 0.008 0.003 0.005 0.003 0.026 0.006 0.030 0.003 0.024 0.003 0.019 0.003 0.060 0.006
NGC_6652   0.00 0.172 0.055 0.091 0.038 0.059 0.029 0.344 0.110 0.052 0.006 0.032 0.004 0.018 0.003 0.104 0.012 0.027 0.006 0.021 0.005 0.016 0.004 0.054 0.012 0.042 0.004 0.027 0.003 0.018 0.003 0.084 0.008
NGC_6656   0.00 0.023 0.003 0.018 0.003 0.013 0.003 0.046 0.006 0.020 0.003 0.015 0.003 0.010 0.003 0.040 0.006 9.999 9.999 9.999 9.999 9.999 9.999 9.999 9.999 0.022 0.003 0.017 0.003 0.012 0.003 0.044 0.006
NGC_6681   0.10 9.999 9.999 9.999 9.999 9.999 9.999 9.999 9.999 0.026 0.005 0.013 0.003 0.006 0.003 0.052 0.010 0.005 0.004 0.011 0.003 0.010 0.003 0.010 0.008 0.019 0.003 0.013 0.003 0.008 0.003 0.038 0.006
NGC_6723   0.00 0.031 0.004 0.025 0.003 0.020 0.003 0.062 0.008 0.013 0.003 0.011 0.003 0.006 0.003 0.026 0.006 0.017 0.004 0.008 0.003 0.008 0.003 0.034 0.008 0.023 0.003 0.017 0.003 0.013 0.003 0.046 0.006
NGC_6752   0.00 0.017 0.016 0.011 0.008 0.006 0.004 0.034 0.032 0.005 0.003 0.004 0.003 0.002 0.003 0.009 0.006 9.999 9.999 9.999 9.999 9.999 9.999 9.999 9.999 0.005 0.003 0.004 0.003 0.002 0.003 0.010 0.006
NGC_6779   0.00 0.050 0.009 0.050 0.006 0.038 0.005 0.100 0.018 0.028 0.003 0.022 0.003 0.017 0.003 0.056 0.006 0.023 0.003 0.016 0.003 0.012 0.003 0.046 0.006 0.028 0.003 0.022 0.003 0.017 0.003 0.056 0.006
NGC_6809   0.00 0.040 0.003 0.031 0.003 0.023 0.003 0.080 0.006 9.999 9.999 9.999 9.999 9.999 9.999 9.999 9.999 9.999 9.999 9.999 9.999 9.999 9.999 9.999 9.999 0.040 0.003 0.031 0.003 0.023 0.003 0.080 0.006
NGC_6838   0.00 0.152 0.017 0.120 0.015 0.080 0.012 0.304 0.034 0.110 0.008 0.100 0.007 0.072 0.006 0.220 0.016 0.104 0.014 0.084 0.012 0.076 0.011 0.208 0.028 0.117 0.007 0.101 0.006 0.074 0.005 0.234 0.014
NGC_6934   0.42 9.999 9.999 9.999 9.999 9.999 9.999 9.999 9.999 0.032 0.003 0.027 0.003 0.017 0.003 0.064 0.006 0.020 0.004 0.019 0.003 0.012 0.003 0.040 0.008 0.023 0.003 0.021 0.003 0.013 0.003 0.046 0.006
NGC_6981   0.00 0.049 0.009 0.053 0.006 0.041 0.005 0.098 0.018 0.031 0.008 0.035 0.006 0.031 0.004 0.062 0.016 0.034 0.006 0.028 0.004 0.019 0.003 0.068 0.012 0.038 0.004 0.037 0.003 0.029 0.003 0.076 0.008
NGC_7078   0.83 9.999 9.999 9.999 9.999 9.999 9.999 9.999 9.999 0.010 0.005 0.012 0.003 0.009 0.003 0.020 0.010 0.018 0.003 0.014 0.003 0.007 0.003 0.036 0.006 0.017 0.003 0.014 0.003 0.007 0.003 0.034 0.006
NGC_7089   0.83 9.999 9.999 9.999 9.999 9.999 9.999 9.999 9.999 0.032 0.006 0.018 0.004 0.009 0.003 0.064 0.012 0.011 0.003 0.009 0.003 0.005 0.003 0.022 0.006 0.013 0.003 0.009 0.003 0.005 0.003 0.026 0.006
NGC_7099   0.00 0.035 0.015 0.033 0.015 0.010 0.003 0.070 0.030 0.012 0.003 0.010 0.003 0.008 0.003 0.024 0.006 0.013 0.003 0.009 0.003 0.007 0.003 0.026 0.006 0.012 0.003 0.010 0.003 0.008 0.003 0.024 0.006
Pal_1      0.00 0.333 0.096 0.311 0.092 0.244 0.079 0.666 0.192 0.130 0.042 0.116 0.037 0.093 0.033 0.260 0.084 0.095 0.031 0.089 0.027 0.070 0.023 0.190 0.062 0.146 0.027 0.136 0.024 0.108 0.021 0.292 0.054
Pal_12     0.00 0.130 0.057 0.130 0.045 0.104 0.037 0.260 0.114 0.175 0.018 0.144 0.015 0.108 0.013 0.350 0.036 0.066 0.019 0.055 0.014 0.044 0.012 0.132 0.038 0.137 0.013 0.114 0.011 0.087 0.009 0.274 0.026
Terzan_7   0.00 0.187 0.017 0.159 0.013 0.140 0.011 0.374 0.034 0.084 0.016 0.092 0.013 0.073 0.010 0.168 0.032 0.088 0.011 0.075 0.008 0.051 0.006 0.176 0.022 0.117 0.008 0.104 0.006 0.083 0.005 0.234 0.016
Terzan_8   0.00 0.083 0.011 0.072 0.008 0.056 0.006 0.166 0.022 9.999 9.999 9.999 9.999 9.999 9.999 9.999 9.999 0.059 0.009 0.047 0.006 0.037 0.005 0.118 0.018 0.067 0.007 0.056 0.005 0.044 0.004 0.134 0.014
